0.204524411331
0.188930976755
0.201511110653
0.186517610418
0.189528451499
0.178181495896
0.176467325774
0.17565754405
0.173682787442
0.173031651507
0.170618491407
0.17193167838
0.17619549465
0.168681233475
0.169518091608
0.172612351156
0.1676205512
0.182939664808
0.162202107688
0.164499787759
0.17086275744
0.1621350483
0.173499984063
0.173733735748
0.177792943219
0.169365074402
0.168335418994
0.173210869322
0.183842218833
0.190574850017
0.204782987183
0.187879775514
0.212084007619
0.204269017628
0.188890943264
0.195105551503
0.17783746783
0.181086406813
0.202705325026
0.196871327538
0.198811840866
0.181880030144
0.188039857132
0.219221182207
0.209095675141
0.216614015567
0.232571131718
0.204208099611
0.241568304005
0.228793249198
0.234910337516
0.230847650738
0.23325758974
0.25420832931
0.22229278051
0.225754614969
0.227757804886
0.21483523774
