0.204552496307
0.188926048323
0.201591107745
0.186533106691
0.189401035582
0.17764160837
0.176443630101
0.175334888278
0.173218697956
0.173083439653
0.170284295071
0.171214383909
0.176819284313
0.16898654542
0.169017075321
0.172701824105
0.167366961904
0.18187106046
0.161664467196
0.163906673083
0.169858097979
0.16107787668
0.172401581058
0.173291100213
0.176497612378
0.167735246789
0.166407234359
0.172151680086
0.182406591711
0.188586061999
0.202406205518
0.185624240239
0.210453864653
0.204795097259
0.189260984277
0.19439880347
0.17831243299
0.182623104032
0.20365567209
0.199241798148
0.199211693475
0.183422679507
0.188103363997
0.219728135634
0.208629351768
0.214967267005
0.231293387733
0.204143496898
0.239452149143
0.230047965327
0.236209978057
0.229346105362
0.232387652238
0.253124182446
0.221720840873
0.225883530009
0.225833511511
0.216076583998
